1273632021856870401 1500
1269970015626964992 1100
1268575428144435206 8900
1265962265041346560 1100
1264572530930712578 1700
1261979820730318850 1200
1260562590561906690 4800
1259573624878612482 1400
1258352132757106692 2000
1256164621960056832 4100
1255057978362859521 2200
1254774336784756736 1100
1254323851099594754 7700
1253715054752681990 1200
1252175414740635649 1100
1251881223183650816 1300
1250772757907939328 1400
1249355490259337216 1400
1248275755567656966 1300
1247133781066166272 1700
1246796401507553285 1100
1246793834413133825 1800
1246100558764703746 1600
1245108874417487874 1200
1244664331234676737 3500
1242520172939878400 1700
1242230925288771585 2000
1239848156336193536 1700
1238840721098055685 1900
1238400716777152513 1200
1237726752530628608 3300
1236213817618677760 1500
1235557438499311616 1700
1234762583976153088 2000
1234431880168136704 3200
1234153211281453058 6000
1234100991399776257 1100
1233315363695230976 1400
1232670390721404928 1000
1230893005130825728 1500
1230607743628828688 1900
1229373764292444166 1600
1229195094521270273 1800
1229106389425033216 2400
1228630203871703041 1000
1228024539021529089 1100
1227210121903734791 1500
1226234888942166016 1600
1226087937965723648 2500
1225385359187509248 1100
1224727619880595456 1000
1223949374423781376 1000
1223199099668901888 1200
1222522261204357120 1300
1221846771342757889 1000
1221809848179920896 1600
1221729439039610881 1100
1221066996667863042 1400
1218907447055867904 2000
1218655061775175686 2700
1218209903392759813 1100
1217430614439272448 1000
1215591668788973568 10300
1217099641688379393 3600
1216845168332230659 1400
1216300619822182401 1500
1215209999066193921 1400
1214988696891658241 1500
1214689233451044866 3400
1214143810395086849 1600
1213483733644455937 1000
1213053992240107521 1600
1212333727629684737 2100
1211747571389157387 1700
1210142946508587009 11900
1209954249016258563 1500
1209862715432460288 1100
1209804143352782848 1000
1209476755754508289 1800
1209164439280377857 1100
1208806145814663169 1700
1208702716370997248 1000
1207316744471293960 1300
1206877833559191552 2400
1206706024142581760 1600
1206254265880199169 1000
1205895088943050753 1100
1205548150192267270 1600
1205432279629254657 1000
1205262310694096901 2000
1204795774858649616 1200
1204461274106671109 1800
1204307739977105409 1500
1204119615091224576 2700
1201879509236092928 2800
1200693771303837696 1000
1200034385749315584 1300
1198948235144024064 14200
1198112873857331200 1000
1197912088645120000 1400
1197911070117158912 2200
1197071496201613314 2400
1196418926219014146 1500
1195296916550160385 1500
1194960337533067265 3700
1194281059141259265 1800
1180083703420207105 1500
1178989476787478530 7600
1174433985289752577 1400
1173955956792856579 1200
1173549069601521667 3300
1173199843097042945 1800
1172792618209763328 1000
1168510089772376064 1600
1167787300975194112 1200
1167572474386628608 8300
1167421666085015552 1200
1167039180695855104 2900
1165943074138263553 2600
1165719584785207297 1200
1165608822544769024 1200
1165605081477210114 1100
1165537799262658560 1500
1165016294627794945 1300
1164962806787125249 1800
1164518074705502209 1600
1164285420844331008 1400
1164273071307575297 1000
1163908178398126080 1500
1163902012246908930 4100
1163802467773157381 1700
1163462892508856322 2900
1162725037109067778 2100
1162024757031841792 1800
1161977961169526785 1600
1161912190196228096 1100
1161653860936630277 3400
1161419073084956673 5000
1161377066991927297 1400
1161050612823465984 1100
1160875497657647109 1100
1160819518253535233 1600
1160620206294786048 9500
1160565958907506689 4100
1160498355912531968 1100
1159808114981580800 3100
1159567726551216137 1200
1159479718753656833 1800
1159238484546203657 1000
1159216980043403269 2100
1158835833727836160 2000
1158737494684270592 1000
1158632836204761088 1100
1158374313336213504 1000
1158321267054960641 5300
1158054836396597251 2700
1157690731055763456 1100
1157360150233137154 10500
1157202860830052352 2300
1156662442660978691 2000
1156501744890908672 1000
1156448233838829569 1200
1156301135155781633 1000
1156243791709384704 3600
1156195981823807489 16700
1155731244321247233 2400
1155577218883608579 1200
1155215707535286272 1000
1155031156900999174 1500
1154678829723660288 1700
1154529445476048898 1300
1154389675118858242 1100
1154386186775027712 1000
1154017171997167618 1100
1153275137531269125 8100
1152300503969226752 2000
1152159270496079877 1200
1151795370147667969 6100
1150525361995812864 4400
1150027261577441280 1100
1149655951185604612 7600
1149286037987954693 1500
1148109512810868736 2300
1147873963261005826 2000
1147578096201142272 1800
1147521767327576064 1100
1147103051414757377 1100
1146758263981182977 2700
1145661553972264960 1100
1145287133344796672 1400
1145076707176701952 1300
1144951429989380097 1100
1144242544617951232 1100
1143503168975888385 4600
1142757511755456519 1500
1141439155337138176 1400
1140736158915317760 1200
1140580546323652608 1800
1140579546049196033 1100
1140523424634290176 5500
1140169584667975680 1900
1140007507664003072 1000
1139317773815832578 1500
1138571262584872966 1000
1138052237312319488 1500
1137775654894788609 1200
1137711680497115137 6200
1136985680524054529 1300
1136565785965543428 1000
1136316039413862400 1000
1135873942328094720 1700
1135590689029414917 1500
1135476870147903488 1700
1134990069792686082 1000
1134835244895526912 1600
1133319681862000641 1200
1133282491857608704 1600
1132567908360642562 1000
1132566323198877697 1000
1130880283002195968 1300
1130051929520955392 1500
1129774764996911109 1300
1128586126153924608 1200
1128209744601206784 1000
1127504724968792064 2000
1127244859490881536 4100
1126909122207727616 1500
1126462600055853056 1600
1126031277864497152 1500
1125712574421590017 4700
1125429665705943040 1400
1125303155925946368 1900
1124619984469209088 2200
1124380002034884609 2600
1123928674217099270 1300
1122766257512689665 1400
1122438954714894337 1500
1122117399958970369 1800
1121807736768008197 1000
1121401157618937857 1200
1121166629801476104 7000
1121082350409080832 1100
1120603841643339777 1500
1120487814142017536 1300
1120296564990332928 1500
1119533818245939200 1300
1119531660310134784 1700
1119287562349182979 1500
1118829882786631686 1100
1118442879788175360 12500
1118232768402677761 1500
1117452356298379264 1600
1117362299940024320 1500
1117027775276355585 3000
1117002378388045825 1300
1116749536452579328 1200
1116617163173793794 2800
1116329534494859264 1700
1116256735478603776 1200
1115906144671805445 1300
1115551056686137344 1400
1115302879567462400 1700
1114485539099545600 3200
1114074087683514373 1100
1113767901981478912 1400
1113496844959612928 1100
1113476950448910338 1000
1112651834722783233 2000
1112633748380631040 1300
1111745416050208769 1100
1111254574436962305 1400
1110850888850161664 13900
1110263774601273346 2600
1110134215901892608 1500
1109818458185842688 2500
1109370020713369600 1300
1108731404442054656 1200
1108691098954842112 4800
1108357801049538563 2800
1108354432587190274 1400
1107977615980277765 4500
1107409061056790531 1100
1106906017500147712 1200
1105818925797904387 1900
1105134434624376833 1600
1104795414333579265 1700
1104486530565984263 2000
1103963585791881216 1000
1102922254801879040 4300
1102673540472623109 1300
1101482960279298049 7000
1100705375102427136 1000
1100389338855161858 1300
1100353786042826752 1100
1099792687086161920 2700
1099777018143621121 1000
1099252271341293569 1100
1098912860217008128 1300
1098525803028144128 1300
1097491386486669312 1900
1096790666909237249 1700
1096749445021138944 1000
1096497544077684737 1400
1096399050834817024 1300
1096163875895037952 1000
1096163519345631233 2200
1095971780139851776 1500
1095750059562594305 1100
1095333742023831553 1200
1095082156991438848 1300
1094904152273113088 1400
1094709978005495808 2400
1094293121108725765 1400
1094201280296337408 1500
1094197476066758657 1100
1093829047530983424 1600
1092550052747378688 1800
1092388428753309696 2200
1092200940407541762 1300
1092017521383878656 1200
1091678630302924800 1200
1091445943524868096 1200
1091327765998129153 2100
1090567981682360321 2800
1090558870475366400 2200
1090390501998632960 1400
1090192037884895234 1700
1089985670548983809 1300
1089494608982302721 7900
1089271462693871616 2100
1088798129435168768 2100
1088059987358871552 1900
1087964203225411585 2700
1087526157610860545 1200
1087321044585725952 1500
1087138106187362306 1800
1086911103593054209 1000
1086627262923968513 1700
1086380332964818944 2100
1086043449411944448 1100
1086042810594283520 1800
1085287176773029891 1700
1084950273829888006 1200
1084890984671051777 2500
1084573223587586049 2000
1084216377408479233 2400
1084037879188336641 1500
1083690926181154816 2200
1083398652314509319 1200
1083310071143190528 1000
1082999633050243072 1600
1082738115608039424 1100
1082629223972593665 1200
1082317836624769024 1600
1082252331213881344 8000
1081948124111880192 1200
1081489902271979520 1600
1081306489564868608 1200
1080896581371609088 1000
1080549977179467779 1500
1080139384656183296 1000
1079755991091167232 1300
1079751393999765505 1900
1078998142157316097 1100
1078588446032171009 1100
1078427673439944705 2300
1078248065017004032 2200
1077537790915764224 1100
1077170588555374592 1200
1076969128420884481 1100
1076827516160147460 1200
1076717398508613632 2900
1076381554614722561 4000
1076008753168900097 1100
1075743066164744197 1200
1075512202411556867 1100
1075503160872132608 1300
1075145694346907649 3000
1075011550631616518 1500
1074990855558230016 1100
1074639352540606465 2700
1074386855188226049 1100
1073628391436374017 1200
1073574712268283904 1700
1073191602745675778 3300
1072835950248628224 1200
1072450730974416896 7600
1072416332052865024 1100
1072114835935121409 1000
1072096568021606400 4900
1071862829983121409 1900
1071785270314438657 2000
1070979476769660928 1300
1070653948699267072 2500
1070296420182298625 1600
1069894764332507138 1800
1069191712013238273 1800
1068822938416267264 1400
1068475900294037504 1300
1068163051306827776 1600
1067908095794442241 1000
1067749021123522561 1500
1067683556678352896 1700
1067200840547602439 1500
1066956889873879040 1500
1065984607902986240 1900
1065184988172304384 1200
1064876906519105536 2200
1064602346225831936 1200
1064462723151388673 2400
1064239294846521350 1200
1064111804593438720 1200
1063789966432628737 1300
1063554745531604994 7000
1063547111894118400 1500
1063329795843473410 8100
1063054051322019843 1500
1062999158964084736 1800
1062698353635586048 1400
1062271558754988033 2800
1061975174612967424 1800
1061935414875951104 4000
1061909664265314304 2600
1061626535453605888 2900
1061219385560481793 3200
1061172745793363968 4500
1061010703564394498 1200
1060588805294604290 1200
1060516220858970112 1800
1060294779915902981 1200
1060252740302094337 1100
1060238687416606721 1000
1059793869439676416 5700
1059779925878693894 3000
1059426989638107136 9900
1059408265728196609 2400
1059036981093642240 1800
1058724975681638402 6300
1057978454153543680 3800
1057929476741496832 1200
1057649179474837504 5200
1057607320182710272 3300
1056940957839646721 2500
1056194260993822725 2800
1056102428670603264 1900
1055876376807399424 1000
1055795921504661505 1200
1055456655264112640 1400
1055183466508271617 16700
1054689983280373760 1600
1054687154897645568 2000
1053364053941383169 2100
1052950875755438080 1000
1052591760361365504 1000
1052503700902539270 1200
1051499720936488961 1100
1051124099702018048 1600
1051054394769326080 1700
1050745469402603520 1600
1050737134141890562 2900
1050523449997840386 1800
1050368962331062273 1400
1050356572944257024 1300
1049993885127204864 1500
1049760838725328896 1700
1049662827567427584 10700
1049296233142124550 10800
1048916553847242753 2200
1048543805253849088 3600
1047571539602952197 2000
1047116235564027904 1200
1046513117075836930 1200
1045716440576331776 1300
1045275130618937345 1400
1044565712654794753 4700
1043634490172694529 8000
1043096063266234368 7100
1042056505795727361 1000
1041721472606248960 1500
1041092261348630529 2400
1040815891439669249 1000
1040210212261711872 1400
1039997652128215041 1000
1039639269042806784 1300
1039132622880997376 1900
1037713574758625280 1100
1037686594021601281 2100
1037440686197485568 1800
1036242282373177344 1200
1035880241867182080 2000
1035156018219626496 1000
1034802334348529666 1500
1033833714038579200 1100
1033723145147043840 1000
1033506527477411840 1000
1033415438426951680 2800
1033343191267848192 1400
1032944970364321792 1100
1032941307310862336 2200
1032404058005327873 1400
1032028425836482561 2500
1030833841043398656 1100
1030562162081759232 1100
1030257540209303552 1500
1029678491296583680 1200
1029327260959100928 1400
1028771977132224513 1300
1028272242520666117 1000
1027616453648887808 4900
1027335986416631808 1100
1026954467164545025 1200
1026551165918408706 1700
1025738229637689344 1000
1025472403168747521 1000
1025354327689445376 1800
