1274333134000095232 3800
1274291825541632006 2000
1273609275722645504 1200
1273201243138260994 1000
1272488072891052032 1100
1272229732285845506 1800
1271836546531045376 2000
1271759686249914371 2900
1271412703664496640 2700
1271405083880828928 1000
1271178569889337356 2400
1270679154967666688 2100
1270410281714356231 2000
1269938376376901633 1000
1269225603632332800 1200
1268987476468785153 1400
1268978184520900610 2600
1268887301809221638 1000
1268295691463426049 1400
1268176569333399555 1400
1267795811301232646 1100
1267504016424144896 2000
1267172340758196225 1300
1266716451580321793 1400
1264618263130095616 1400
1264168091245830144 1700
1263933020660281346 1600
1263084475237498881 1700
1262847071595438080 1000
1262750696446717952 5300
1261380440146898945 4500
1261287648762748928 1100
1261227518297812992 1000
1260181139907633152 1400
1260169212192006145 1100
1259889873240100870 2900
1259881334446739456 1000
1259076232005791745 2500
1258841063269322753 4900
1258732026204688391 1100
1257994092216233984 2700
1257969051885883392 2200
1256963261121134594 2800
1256681487455436800 1000
1256667053307682817 4600
1255593651620773891 2700
1255158924875116545 1900
1254715473473740801 1200
1254092154550583297 1100
1254085423099449345 2200
1253714630851145733 1000
1253355881179287555 2200
1252637760596434944 1400
1252538428975185925 2700
1252298320590102530 2300
1252233190246191105 2800
1252219879706460160 1000
1251898120407068674 1200
1251095311499624449 5800
1250820946656706561 1400
1250800028907646978 1100
1250709595779215360 10900
1250443528875868160 2300
1250398797945090050 1900
1250350981662957576 1100
1249427001456373762 1000
1249366919385427974 2800
1249327667108872192 1100
1249027421879373826 4600
1248982650234318848 1400
1248972809000423426 2000
1248715100376178688 1300
1248697655955542016 1400
1248227570686013441 1100
1248177805474631680 1100
1248169861819379712 3100
1247961158738481152 2600
1247861090488377345 1100
1247554833256574976 3300
1247531960991268870 1100
1247504989666279424 1200
1247230956588748801 4500
1247171146748956672 1100
1247079943311372288 2500
1246838511682105345 1000
1246786140721549312 3000
1246509145890717696 1400
1246098327265042432 1400
1246054394849824770 1800
1246017627987853312 2300
1245810235383721984 1300
1245664101973536768 1600
1245410796072505345 1600
1245400968491130880 1100
1245379059141545985 1000
1245327749654482949 1100
1245021840768188422 1100
1244675297611481089 1300
1244239752557142016 2800
1244214757529436161 1000
1243511618660597760 2000
1243199665564246021 1300
1243137449519431681 1300
1242795931919056896 1700
1242791933577244673 1200
1242779103419400192 3400
1242420122905698305 1100
1242403865158451200 2600
1242043029948633088 1200
1241807729766744064 4700
1241673671720275969 1000
1241664320175554560 2100
1241440682197299204 1000
1241361270152060930 3600
1241013279809470465 2600
1240699912443981826 2600
1240647820325130244 1100
1240628101027160064 3200
1239652685332299776 1600
1239534203664039936 1200
1239155227116396546 16500
1239143389469323264 2000
1238371097185267712 5500
1238105266413023234 1000
1238042376591093760 1700
1237829731560587265 1000
1237765960909631488 3500
1237678397725253633 4600
1237406032097431554 1000
1237351804804968449 2900
1237309340991852546 3300
1237031911165497344 1200
1236701276496375814 1500
1236676916905639936 5900
1236628735534804992 1100
1236307907349811200 3300
1236290207789600768 1000
1235937463450943488 4500
1235902387581259782 4700
1235875923515387904 1400
1235590632007012352 3100
1234831173295181824 3600
1234787797694844931 1000
1234169835678044161 2000
1234112437038845955 6500
1234059843536859137 7500
1233746049828818945 1300
1233362378311569409 1100
1233073290777899008 4500
1233059287435530242 2600
1233029074613829634 3600
1232321698294308864 2300
1232314936761647105 2800
1232028031977431041 3600
1232021370185359362 1100
1231543058120036352 2400
1231519598136221696 1000
1231262958904324099 1800
1230874235750449152 2100
1230853727130701828 2500
1230806910640803842 1300
1230561952805470214 2100
1228364921232121856 1200
1228287720138715137 1500
1228012338428731397 5200
1227981674035712002 1200
1227942885347250183 1900
1219693540181250049 1300
1219646432933748736 3100
1219243979448909825 1000
1219241621662916608 2800
1218572604451311618 2700
1218515092402294784 2500
1215149325229137920 15800
1214571204474003457 15800
1213475495737790464 8200
1213454916456456193 3000
1213120500395851778 3500
1211725012568334338 2900
1211672947016060928 7600
1210905988104105984 6000
1210621744442150916 1200
1210565724239990784 2700
1210547662916915202 5700
1210217804592496641 3800
1210182220742348800 2100
1208394992739405826 9000
1208383070816161792 1200
1205148513345998851 3800
1204473253126737920 7500
1203306333186838528 1100
1203248891686244353 8700
1203231372980244480 2600
1202327793809444866 1000
1202311765595500544 1100
1202175817595396096 1100
1201925375628103680 9000
1201903056843165698 2500
1201557457161637888 3100
1201539669667799043 2200
1201495928261292039 2100
1201145606368059405 2300
1201134847470821377 2100
1201130397456879617 1100
1200737003563896838 2000
1200493836314796032 4300
1200386686578020359 1000
1200361629327798273 1100
1200339349637881861 2300
1200109571970392066 4800
1200087720988725249 1300
1199997741306396672 3400
1199770329901654024 1700
1199757078300184576 2500
1199703845577928704 1500
1199579785292333056 2700
1199226924565979141 2600
1199220624897564677 3800
1198973975164010496 1400
1198954731676323841 6300
1198948367990239232 1200
1198932463948570624 2000
1198927002939674624 1600
1198668813174222854 1100
1198577144630259713 2900
1198565445546250240 2200
1198561336709570560 2800
1198230562474991616 9000
1198208742707339264 1000
1198183841648824325 3700
1198173914641383425 1700
1197987370722897920 1700
1197980043638693894 1900
1197947795069644801 1200
1197890971402407936 1500
1197875651367329792 1000
1197849779029577728 8300
1197620085231362065 4900
1197610640334037006 4600
1197102559409983488 3600
1197093187086700544 5900
1197089097237647360 1800
1196881982132764674 1600
1196875654890950658 1600
1196426533302423553 3200
1196417188967542784 1800
1196160646569705473 1100
1196095135064510465 1500
1196052929330978816 2500
1196006400184475648 2400
1195983625864564736 6800
1195728281103982592 3800
1195701429865988101 4200
1195690451044589570 2300
1195304709676027904 8400
1195075544360071169 1600
1195049133205315584 7500
1194946791210409984 2300
1194921642864062466 1300
1194919425037746176 1900
1194689645516341249 1900
1194588403720970240 4100
1194566170516557826 2000
1193228699216338944 2300
1193185765876011008 5600
1193149569116377088 4200
1193113322637410304 1000
1193109039116410880 1100
1193103722995503104 1000
1192471443793203201 6000
1192442555956441088 2900
1192432243576365056 1200
1191358179751481344 2600
1191345757028278272 1000
1191331539851862016 4700
1189991579689332736 2900
1189885227428188167 1300
1189845312329986049 6800
1189833360086065152 1100
1189561179070484481 1500
1189542661214101504 1000
1189540030483701761 2400
1189483691795505153 1200
1189457543099228160 1700
1189094908407234560 2800
1189087521474564098 2300
1188877729581752320 1800
1188799303877300225 1500
1188769982810771457 1000
1188764362812674051 4800
1186690952041291778 3500
1186686229447954432 8100
1186664072588267520 1300
1186631750593597441 3000
1186387858271227904 8100
1186380151036272641 4000
1186219027959570438 2500
1185521372451295232 2200
1185092900956192768 2100
1185085105439723520 3300
1184870073594470402 1800
1184801053495173120 3600
1184771554569265152 5100
1184752900746174464 1200
1184739425965760517 1900
1184565404934529025 1500
1184496364400586752 2400
1184391688279732224 1200
1184384534231601153 3200
1184177579986771968 1900
1184006378022678528 3900
1182585949152337920 4500
1182379614758408194 1600
1182318355027496963 6700
1182293403746349056 2000
1181905796998799361 3800
1181657173438423040 12600
1181651605365690373 1500
1181626989599440897 1200
1181497170932965376 1400
1181276286360182790 8700
1180780137597587461 2100
1180776170935263232 4200
1180758114422988800 6000
1180586887158714370 6000
1179677386612326400 2500
1179480523137257476 1000
1179477180146995206 2300
1179457116932919296 3000
1179449823847702529 6700
1179368084479598592 1000
1179365844566061057 2400
1179082483092115457 1000
1178970853922480133 13200
1178962997127077888 1100
1178715143477309443 4100
1178636109900914688 1900
1178631917262049280 2100
1178633497185005569 1000
1176886656487645186 7000
1176824880882487303 1000
1176555874787188738 2200
1176214724696051713 11000
1175843695750463488 1500
1175851769731125250 1100
1175844813628989445 5500
1175844813628989445 1600
1175510182106947584 10300
1175383419339137027 1200
1175382971777519616 4500
1175362666447167488 5700
1175362046822637568 3000
1175348331813494784 6500
1175343967287881729 1800
1175306263657439232 2200
1175110319770918912 2000
1175093108012408832 5100
1175072859720441857 2600
1175065986246090752 1200
1175009172670296075 3900
1175001867241308162 4000
1174386858207404033 2000
1174346930639581187 1200
1174226454445514758 3900
1174035565823647747 1500
1173931150835892225 1100
1173880027949293568 3900
1173858420925091840 3200
1173823003647512576 6300
1173819814575579139 1200
1173820283364487169 1200
1173672029440135169 5600
1173165020097798147 7500
1173155831451439104 1800
1172891306001084416 1300
1172884325685190656 1900
1172852060334809088 2200
